0.1509675842002643
0.11868574599922167
0.1304894176437859
0.14630138334020285
0.1573068235033096
0.16885830606857713
0.18538562753513507
0.1932464807524652
0.18513358324266882
0.1994720917404711
0.1785465924822732
0.19807922423473925
0.1953761346037145
0.19948673640220146
0.2066298421858627
0.18439174062917252
0.2023397715654657
0.21235258460826242
0.2056309099409623
0.20736506776098584
0.2056270800174116
0.23096602063314645
0.2619195907527878
0.2865841565338208
0.3511110986793502
0.23699074590736105
0.30318094595374817
0.3339985338354809
0.3261424082998716
0.2657245895431433
0.31399875687067985
0.23243052557049862
0.24157197429441574
0.26674831845659575
0.2634553523647184
0.23123728119763795
0.2346678048554465
0.3295299733033346
0.2287876167023608
0.3291705821631896
0.29264270978893314
0.29477224824933956
0.2777094432823504
0.2896808188913284
0.26440928601520813
0.2768569397320099
0.2673443116442965
0.27364395334144875
0.26250860874584525
0.2637588264089782
0.2664932554371101
0.26682403252062026
0.2651126303271965
0.2537056745238296
0.2486514763915574
0.25480618703768876
0.24506563431936149
0.2419733561558176
0.25116634466659776
0.20812763490457314
0.1328083952780695
0.14294063670513446
0.14109338289542994
0.14586138577346788
0.12507958320662718
0.11885945664684786
0.143528966457718
0.13757355358290166
0.20752661379107934
0.19480609295270016
0.30594531301588535
0.17890107015078643
0.2918197318243048
0.24838098556171156
0.13148010957549555
0.2961797090127695
0.1472116823830859
0.21961801443667586
0.19597599200758867
0.14776137259760488
0.127915785548694
0.10166342074213743
0.15615874932504206
0.12258839796877403
0.1384990685850625
0.15200936574152243
0.1343228228310958
0.12207633392891823
0.12862822473589702
0.10609427425564588
0.11218414890804367
0.1296969466919659
0.15499300201543117
0.25441588816063837
0.2652226442127935
0.2142158402242129
0.11831135573376024
0.1391608008224344
0.11982074022534196
0.13017929834538783
0.11607699955014543
0.1088942557758243
0.14711608884641617
0.1636857163744398
0.142079667423084
0.13867167929699178
0.15536382783787686
0.13591858887784988
0.15135390935637225
0.17310637168411794
0.13823427359023296
0.1733548198741939
0.12769479804024023
0.1397192645260867
0.09871696124254292
0.11879095033564248
0.11834654130107096
0.10954997637109308
0.24614994764887801
0.13874106379317466
0.1909676282612988
0.18596233797640552
0.10151424968999918
0.11676138976236514
0.0948553042901626
0.09935330648298774
0.12564330313121702
0.1181181643776263
0.09266019286505417
0.10847146545003236
0.09757352869897315
0.1030922117457327
0.13778267975495206
0.148670787893682
0.11299762232626036
0.10101641899345996
0.1119103276761143
0.11544823686199426
0.08999828624077416
0.08809854646450513
0.11303479860017361
0.08794364887169404
0.08775393473549621
0.09356270822619801
0.09740011394651855
0.09067522387663837
0.09018536283559637
0.0990999381702296
0.10598321388201833
0.09045216561464087
0.1312798650486591
0.1292622126231998
0.09429462745005747
0.08471645759160726
0.08723861698160354
0.09938246659685676
0.08387157843465745
0.09392792719538562
0.09611035720694613
0.08534490605555302
0.09932209918432618
0.08187882380195798
0.12179266771941771
0.08560617498090267
0.08784858326613815
0.08709235535319812
0.080327850269545
0.078944704493773
0.08119867548698098
0.08142320274921394
0.0813695845605039
0.08053726633378573
0.07924225245282734
0.07866743130876641
0.08126990010154365
0.09474116588516505
0.08333149124023508
0.08363458199837455
0.08221926196952246
0.15897007668019017
0.07838062159054773
0.07804967905794861
0.07669465486373091
0.08230100944464462
0.10867924807476224
0.07885858571559828
0.0785900119083474
0.1450182800984795
0.1016341894130961
0.07863504470238143
0.09339346289604808
0.0853139277409188
0.07858061279478112
0.08365776580616556
0.08420291134638005
0.08029400984673986
0.07972264114309192
0.08221270851246194
0.08214211842715194
0.07826648275536956
0.07630957978114891
0.08070277560631246
0.07809690632383025
0.08319392734472227
0.07383569181006021
0.07564918722894243
0.07563880747127973
0.07515980911690628
0.07907909530784829
0.0753440009223058
0.07472446703323611
0.08217167767826664
0.11331482007076196
0.0716176259467384
0.07645445077644954
0.0750321765803115
0.07801381645242032
0.0793122928927634
0.07928455186129645
0.07486240680473681
0.07521737119196442
0.07921263614503102
0.07335837208803642
0.07119558624380484
0.07381451239836712
0.0776501724363062
0.0791435787707519
0.08071527285810047
0.08044682007098992
0.07672936408959964
0.0748604168605071
0.07668245891389257
0.07046267041899096
0.07185684195127905
0.08020789180896243
0.0764985007230579
0.07950255889145434
0.07395447946270048
0.0752387196022678
0.07292475750853043
0.07368260273571028
0.07209365389398402
0.07194818600147421
0.07994940523572784
0.07189899442666288
0.07193752075977287
0.06864479847054024
0.06865472609719524
0.07378796161076474
0.07687443458269472
0.07376476613195143
0.07370199793273505
0.07084565006173062
0.07764640919991118
0.07525803787574935
0.07262635100978357
0.07321376885258708
0.07224705544293976
0.07180384340886428
0.077489806142206
0.08088298571557818
0.07503430567273695
0.07261959125738479
0.06897539362648122
0.07099202918319425
0.07244385036052249
0.0697705493565258
0.07345673622758275
0.07416662812325364
0.07241591456723201
0.07038013683385334
0.07769636138668076
0.07253470740254474
0.0675390044595809
0.06873826572984819
0.07504894400937569
0.07466304744735915
0.0765282252412865
0.06980037887690367
0.07093797069685212
0.07017795904272911
0.06925537415140595
0.06828616603590426
0.07056327899711906
0.06693240226537962
0.06933918618282363
0.07175251823159111
0.0717178757454094
0.06972119938527088
0.07075122159762391
0.06869548625962872
0.06939426572185098
0.07351733743308018
0.0677645131510062
0.07132990404435302
0.0682089997165544
0.07222380197022141
0.06868705035034015
0.06991057111030197
0.07307255461023737
0.07555064269798606
0.06880154019041908
0.0659429657729018
0.06972774692513777
0.07010683458006146
0.06798622071795717
0.06845425679327838
0.06932700866019681
0.06859818055179222
0.07048923331653255
0.06954969440605009
0.06915369773463893
0.07361176966815448
0.06750642427476845
0.06718718177527905
0.06926155179765639
0.06908915371204101
0.06602834023192253
0.06894714863799936
0.06741672584702722
0.06852783612245167
0.06767220832239434
0.06651915415695193
0.07041328184622975
0.06797237462437845
0.07031436627326174
0.06853085832494187
0.06795687678058136
0.07000017383017872
0.0676865297853728
0.06299726501899629
0.06668447116007475
0.06820802396068887
0.0677459059029104
0.0662434020857137
0.06446037028573993
0.06570348924216764
0.06574635465165382
0.06520142915687606
0.06393327541477085
0.06519686120271763
0.06589771786467037
0.06375297992466418
0.06614569328051996
0.06220740429188578
0.06596871331415266
0.06757690836664976
0.06476177913823221
0.06565584787602403
0.06571231985253251
0.06487205916967234
0.06433165871936379
0.06250370282958238
0.06229762697728071
0.066399919042225
0.06478375459586899
0.06467110016252825
0.06602515034593459
0.06579094979138599
0.061044608567058706
0.06183618535440021
0.06529500409725118
0.06668270698388731
0.06171872809467561
0.066175318871594
0.0666889797867779
0.06293602807790412
0.06279369748016723
0.060925979895392175
0.06051549040360688
0.06268453919782968
0.06845319828099065
0.060956298188991564
0.0652390514347092
0.06456725427183999
0.06469584604413454
0.0664949189489543
0.06533700828009863
0.06460576641793617
0.06342610330325166
0.064618384801615
0.06435869876025327
0.06272334048086105
0.06025067769362713
0.06467684000316497
0.06467142256263336
0.06190295581164181
0.06184942979538029
0.059309378655882254
0.06343659468747481
0.06123343036438008
0.060523118495658376
0.0646423604960728
0.06481148578230962
0.06316342118808846
0.061836288656532165
0.06422252743367042
0.06443070646335564
0.06344263172160368
0.06435338252637364
0.06271874041445374
0.05883992694209355
0.060485537949226086
0.06178564353082719
0.05936298727129902
0.06419153963565304
0.0620275261781928
0.06026371091269543
0.06196122426619032
0.06322177573532078
0.06118765906007144
0.06323431623037415
0.06080815713548698
0.06074035964484186
0.06219091028742287
0.060803910609328424
0.059313762484714753
0.06144294025223139
0.06081516232211345
0.06459692388174831
0.06141946135347576
0.05931671510272196
0.06342201115115575
0.05692452128810729
0.06267029552774832
0.06119307780716218
0.06054992688467762
0.057963823628953776
0.06246816272334571
0.06478048038361071
0.06128488801360851
0.06280620234172689
0.062251885024342916
0.05881022790025282
0.05973311937082327
0.05794095217840021
0.059013871490003054
0.059496512729632536
0.064183375998191
0.059869272128489366
0.06171097989338089
0.059675618076638036
0.06249513648906461
0.0629833119301406
0.059886258772378
0.06310629217630855
0.05610765407446261
0.05885288205544079
0.06194367987905343
0.05982086729681978
0.06159507910933688
0.05904935020896822
0.06204268218253686
0.05981133106947761
0.06198095836811268
0.05648595033313472
0.06268642820251444
0.06134343626582043
0.06697448717278351
0.06086535361668849
0.05951655798639437
0.05761718979444876
0.05749474177362253
0.05806438171294119
0.05923491788401348
0.06451623637055236
0.05799724820241865
0.059565023947844575
0.06090706411783426
0.057525942126436205
0.061239654011065806
0.05896798603063225
0.060658819433042105
0.06032735183026625
0.05833561368372371
0.05600325090907388
0.05598051291014343
0.06091976196771051
0.05464283346617854
0.054849881634210326
0.05382054798062755
0.05683180046756245
0.05504269782576207
0.05339914607865341
0.05872866133488973
0.05769872195819719
0.060576164108393664
0.05858992668776241
0.061532564324237975
0.057765171704420866
0.05669424448275313
0.05829941195433603
0.05799188050184869
0.06066865774847129
0.05637769979690491
0.05953677645445078
0.05822081050241437
0.05966255377076062
0.05624682024862087
0.05856996353979432
0.058550125226620606
0.05381475186847589
0.06144490818291741
0.05739175704788291
0.056215905149952033
0.05206855906058439
0.062185639852067126
0.056328769977527206
0.05650819011877972
0.054703085729007034
0.05459360984386701
0.060758311712598566
0.05810320205683674
0.055612950260349625
0.05381259728980167
0.056234153960928214
0.05659262161620149
0.056687752553335025
0.05590882763155028
0.05329220560756951
0.05499600698070823
0.04990031597617268
0.05438202575972344
0.05940469361739912
0.05404959893985633
0.05822384126707318
0.05740317881386694
0.05953019125901702
0.05733185727440605
0.055112303858647814
0.05699955551366796
0.056213838315025466
0.0542014408163513
0.058027999387566906
0.05843626703684408
0.05270986284182451
0.055722149021035235
0.0556306481810607
0.05480732593008649
0.05648827846885489
0.05532743227734623
0.053007362831663817
0.05553024476342947
0.055533203735337495
0.05374296997581423
0.05283552111522711
0.05045748006233422
0.05459640594780831
0.057198939336024546
0.055981630306031156
0.054633864628688106
0.055807279831133774
0.05762927997818676
0.05389899897140259
0.05653719077897973
0.0540258088054001
0.06220063370087385
0.0564378428111647
0.054056996543070786
0.04970251025550988
0.05538905312115914
0.05971659154719992
0.056950774119996245
0.05774611069277918
0.05056681689443737
0.05610945600480426
0.054156230137207925
0.05062918596014962
0.057669116827348724
0.05376151578815683
0.0558020679554736
0.050995757393451746
0.05543139402423088
0.0590901118784426
0.05072974698288294
0.05172330963815258
0.05125500435288423
0.051995073800955936
0.053754927677467416
0.05377920373029619
0.04952138072912265
0.0571107478172805
0.05342111626335658
0.05144943741986598
0.053549376233509666
0.05545544809447508
0.05302040445340636
0.05089557904528835
0.05325123211817875
0.057117663474451276
0.05647692651374075
0.052959303959972386
0.055229274738456124
0.05196407166426537
0.05638752065454505
0.05629371644643595
0.04964698554974075
0.05496774368567529
0.054419472593493806
0.054246706233016216
0.054960779797305785
0.056995506431850036
0.05741800286411529
0.05216919133787836
0.05313091943693015
0.05663576147787895
0.055938152170123843
0.056086966569962655
0.051999687812051006
0.04978195739902503
0.0520470587408928
0.05687004666123524
0.05277640520049352
0.05332373466867886
0.056710383425061635
0.053957483615567604
0.0545126712666931
0.05179986130728156
0.05017017183173641
0.050812106765007164
0.055709941479703484
0.051822309429552876
0.0507946573824282
0.053736474695235056
0.05146616810264595
0.05370569945492917
0.05390528016520509
0.05292459690207991
0.06082486832731958
0.05494765219906665
0.05052487869125277
0.05405648930906741
0.05444446238130114
0.05000060359035084
0.05307599583540399
0.05385854120937765
0.057476535912714115
0.05390719323034209
0.050047195353295534
0.050463761962390795
0.049133678155968336
0.05350943547839568
0.05428469545653414
0.05362080290189844
0.05427129464243584
0.05361431247666018
0.05640535869935239
0.052454931716587515
0.05370681192093485
0.05183174451796779
0.051902182709291096
0.05063573239268003
0.05078610310530465
0.04892520780510208
0.049619989597684884
0.05200973200809356
0.05169426944857478
0.04997069464511266
0.05354600028284186
0.04906123024686034
0.0517573791541394
0.05220843040208028
0.049738611794807736
0.04923925179960023
0.04807725934123294
0.05150886503956883
0.04836206591878282
0.049453225820657795
0.052113533917348166
0.04657764612194474
0.05074985418940705
0.04840753214403812
0.04520746676586943
0.04645962261430502
0.052105324493674506
0.04652320777114976
0.04953185152280071
0.04863043041454888
0.04768314467076647
0.0493078926809954
0.052095234974088335
0.05133062072707382
0.04780088996536191
0.050847569967256284
0.050234775836745
0.05207130313417636
0.049127410704192284
0.045288006246867095
0.04549957716805087
0.04949029853167443
0.04633089771942078
0.051778311355043655
0.04948931055486494
0.04850699258986193
0.050066263774250976
0.048679845444024865
0.050228501775420896
0.05098394581601167
0.04967250553914113
0.05332453788344208
0.047062243656484495
0.04940765962685539
0.04921325130616857
0.04661617969757774
0.049884309832224964
0.04751531007474398
0.04729616653244567
0.05134026227149665
0.049952464713934004
0.04965819287017504
0.050691350606466325
0.05264892004839448
0.05051890417608395
0.04975529665906535
0.047407600980268014
0.04962187916870323
0.051613906375232
0.0480266924337077
0.04920797204262001
0.05246714362872103
0.04494878121516729
0.04718177778559408
0.051076229774756655
0.04700491565302713
0.04473054797224186
0.048315570495412116
0.05108230571880067
0.04584297056066352
0.04689974430766531
0.046613945693967485
0.04407553741199512
0.044517990662121344
0.04854953874672878
0.04648714139663679
0.048682996031705256
0.04792475136215681
0.05030886247271027
0.04775351592188721
0.04378026703823841
0.047204683000446446
0.047752761279538626
0.04857745493610299
0.04802744857782691
0.052067315372271196
0.046747768422509293
0.04718307968975365
0.046262924903990185
0.043141462732486355
0.04568372747499737
0.04388046975075336
0.046715051148012145
0.05311553655095737
0.04502518571620191
0.04683947673993561
0.04631803252295161
0.04685125553707233
0.04865978100098861
0.04506129432594888
0.046744711445444335
0.04487397293950517
0.04974588886822282
0.04698946243217419
0.043802989399781306
0.04263093029600895
0.04452260421572955
0.04662901612853728
0.045189997370754145
0.04587189155769737
0.04801931625035267
0.044442240906604064
0.04356542090804197
0.045716227931490876
0.044339039684784955
0.03793367862346821
0.03982270939556029
0.04111187954202751
0.04360538022426996
0.04656371759633968
0.042982433584388254
0.04584333930529348
0.04218574959247827
0.04437464321500431
0.043643305444263134
0.04621427174573117
0.04150091119503795
0.04561419005595177
0.04289128743228815
0.04266954236819025
0.04771472506592764
0.046205131078597576
0.042927385728676576
0.0451665746848862
0.037532787600022856
0.040928492908143335
0.04366369656320474
0.04435592296845357
0.04609163235203909
0.045615561562885217
0.04680148693917099
0.04840048765860062
0.04539509940537822
0.04318297204667703
0.0425740967837393
0.045322384851356826
0.04229980976739324
0.0437235458577307
0.04582632940290904
0.04098567395696091
0.04689625163340851
0.04667556354031092
0.042917236679477146
0.04659735996801192
0.04529072114822181
0.051302359998051536
0.042603539495992805
0.040946317135057704
0.044002183759861056
0.0432485291067661
0.046771384560070406
0.04490804664912997
0.042941725791539695
0.040298727036512424
0.04493845728472519
0.04480972648704813
0.04219620288657181
0.04445760528021223
0.039456001857939495
0.03765244578865579
0.04228735744269716
0.04262852151850335
0.03898727204607499
0.03848216617533872
0.040412909638175204
0.03981613597433072
0.04044927891125235
0.0411887727641562
0.03828550141077377
0.040705510917407164
0.0391243217345029
0.04033448076142344
0.03786742222151304
0.04251239961578
0.04621823267655557
0.04074877302330372
0.039039821739986776
0.04230486291080341
0.04390305753551272
0.039825873508408965
0.03986996243858933
0.041511908279769784
0.03936548790620027
0.04029161856272714
0.042211101886830894
0.04357333068878734
0.0425151970701873
0.04522582986066136
0.042534890995715606
0.04216145679894403
0.03965669371324385
0.03784975294636715
0.03827981124249527
0.03893414508556394
0.038133317609834884
0.04187077070422836
0.04568655976339213
0.04835656967562179
0.04739311225253285
0.041468330833527745
0.04321347288367325
0.03777886749426172
0.0405537509075795
0.04006129100190547
0.042773014271463135
0.04085946701502032
0.04329072675828538
0.038323604412124325
0.03994201474814253
0.042699893689782595
0.038210045403400415
0.039825356944813206
0.04262351640916625
0.044511774321184146
0.040952732594208695
0.03812693490914859
0.04153834962175279
0.0399152985990373
0.04288212197934546
0.03914959186642409
0.041486430658249
0.037816385308694515
0.04030255368962226
0.038041395322329974
0.040025277206278784
0.039218180555298174
0.035372167364696394
0.03765100310063485
0.043984501676485634
0.04168775262177177
0.03840950770139085
0.041410841429739983
0.03928393092669334
0.03892843853326698
0.03666246499792427
0.03709528791506319
0.03994710423713133
0.03838413062134907
0.03820050724748711
0.03669227618036943
0.036168560362595484
0.03626866357350762
0.03698091021762968
0.03635357415333913
0.03476644380468439
0.03851850903008675
0.036475777352988716
0.03423101483970749
0.03678614438835368
0.03733061398768202
0.03309342899909401
0.03592893640136781
0.03708215821166118
0.03566217059739941
0.03788209155166606
0.04249776005230103
0.037961045456040274
0.041553687071779866
0.041392924933215516
0.04250330473704816
0.041156450850264995
0.04106922343656651
0.04348839698148561
0.043699970175098656
0.040883972787266534
0.039150994648405726
0.03873609934095164
0.03737961956505996
0.03684217177013414
0.04402522694660982
0.03962986803773065
0.03649123487263256
0.040542300256845985
0.04123103292200623
0.039326665351044794
0.04031766140169428
0.03455540734603009
0.03558859203213559
0.03811464092635305
0.03859149872181048
0.0386475984805932
0.03815267729324014
0.034815886520301396
0.034784319233524603
0.03612697078538481
0.03559965168345933
0.03691202888640525
0.03447064827859349
0.03584878160270358
0.03569840973974341
0.03286133227946917
0.03948712704018155
0.03799990965749368
0.03573402771457519
0.03521255834607627
0.034117955695698615
0.03830629510934482
0.03873086438568815
0.03474230616169212
0.03640483287062392
0.03737878504539247
0.034753587272762516
0.03794924775722559
0.03739910508331563
0.03523792579949767
0.03486373669164876
0.034657021324924514
0.034748985670791946
0.0347284472823406
0.035665561418320314
0.03907696265729923
0.037978212520524364
0.03959594863271984
0.03333715795189709
0.03433110823029706
0.032538046889466946
0.03590460059298881
0.036488831740624304
0.034947983947339396
0.03510803858377263
0.034218292903065786
0.03624950965152212
0.03291369356698395
0.03601426377874473
0.03509726262702123
0.035220130821120826
0.04016507304264106
0.039579869331440774
0.037486726491597865
0.03845345271917485
0.0367060193289823
0.03379938892424178
0.035340696924761515
0.03774037877870151
0.03731888689527905
0.033487158462013764
0.03339212762169934
0.03757859710652767
0.033661805864269125
0.03159804431547683
0.033517700988261324
0.0360668374117876
0.03504406956386056
0.031729050539510244
0.03580514282585892
0.03401777829205145
0.0327882206123791
0.03318991879850057
0.03200638260374365
0.03626837793591697
0.03822162521945483
0.03141437371874182
0.03382221947934761
0.031172934382507313
0.032246040440217186
0.03309657331411621
0.0358946881995863
0.03197579297949577
0.03211169611780161
0.03430400672869852
0.03442410901337302
0.03305065717274562
0.029980223302473054
0.0291558799402372
0.029474057610311785
0.02952994083917094
0.030256633887135845
0.032547122824459936
0.029932622883448994
0.029786854610169063
0.033294065127727625
0.032181601266671925
0.03305915433631529
0.03220425143806142
0.03511744362117844
0.03108615495936319
0.033831169815355416
0.032669923900242585
0.03288019225472656
0.03175466967042457
0.03317818652101253
0.03558785443030018
0.03387332248454694
0.033530431958063406
0.03107609491305027
0.02955762356611012
0.03227256634988783
0.03439287205680891
0.031831409949548084
0.034430456555366896
0.03478466466888723
0.03811305945500828
0.03837041592513775
0.036250048121505896
0.034901586062794136
0.036186379193252405
0.03731994434369167
0.03444635322611021
0.03542954416485488
0.03370940288263456
0.036685613093214074
0.029730890071558404
0.031141112739730036
0.032269360229658
0.030259068141212302
0.03330376013658846
0.031608715406580945
0.03156052414716958
0.03188814519301289
0.028372703267896787
0.02937122706838597
0.02943795102685839
0.029591280924742346
0.030751561484767806
0.030992031144021843
0.0288551703701643
0.028407011458099287
0.028687289545531857
0.03428593532099876
0.03433759846940082
0.03098324619859753
0.028214359075516175
0.027861894110701876
0.028210736129740045
0.02761364793519888
0.028211247909746974
0.028021507854303858
0.02862884679811157
0.02750107109902969
0.028063899817552716
0.027517318881163585
0.026847411078530472
0.028799823837410553
0.028236202275484092
0.027365870283928603
0.029269592862291062
0.031941183224558946
0.027696443983355103
0.028075011539532308
0.028024052529066822
0.029601661542607703
0.031272943983695685
0.03075869046372561
0.029008114279065644
0.03262121146768138
0.0327923487692774
0.028173358260752457
0.029827836803019998
0.03504533040533767
0.03253467139978161
0.03261002996814998
0.03264093002264596
0.030751488997918075
0.031068793929764176
0.02683296798996308
0.02791047852722544
0.02838729285072025
0.027529672896473015
0.028235678614548263
0.03154079323239812
0.029602564534871117
0.02918165889185905
0.03279051852236676
0.0320802157192923
0.029788188322140877
0.029506768192356713
0.02976940245609859
0.029255006542601093
0.02889077018152558
0.030395129770572286
0.03834500668998474
0.032755030119902134
0.03187682766628052
0.03189514119309781
0.0288894084718067
0.030113906098358595
0.028520165060523364
0.0277399672788114
0.028078743046598034
0.027030650645250166
0.026638134385742387
0.026483476197655984
0.026467691886569087
0.026465998793695416
0.02646492087259776
0.026464147231927047
0.026463554652050393
0.026463081325945364
0.026462691908963346
0.026462364360000344
0.026462084052988593
0.026461840816470676
0.026461627312528383
0.02646143808875181
0.026461268994027478
0.026461116802841845
0.02646097896496497
0.026460853433610588
0.02646073854441034
0.026460632928267315
0.026460535447376168
0.02646044514744053
0.02646036122143995
0.026460282981777473
0.026460209838603945
0.026460141282761085
0.02646007687222147
0.02646001622120806
0.02645995899138923
0.026459904884696378
0.026459853637423154
0.02645980501534418
0.026459758809651443
0.026459714833552167
0.026459672919404136
0.026459632916291345
0.02645959468796257
0.026459558111069967
0.02645952307365817
0.02645948947386253
0.026459457218783528
0.026459426223509566
0.026459396410266164
0.026459367707672425
0.026459340050089177
0.026459313377046056
0.026459287632736108
0.026459262765569383
0.026459238727776713
0.026459215475058223
0.026459192966269713
0.026459171163142933
0.02645915003003531
0.026459129533705536
0.02645910964311184
0.02645909032923039
0.026459071564891724
0.02645905332463264
0.026459035584562487
0.026459018322241488
0.026459001516570674
0.0264589851476915
0.02645896919689447
0.02645895364653583
0.02645893847996129
0.026458923681436396
0.02645890923608277
0.02645889512981928
0.026458881349308468
0.026458867881906944
0.026458854715619932
0.026458841839059097
0.02645882924140382
0.026458816912365613
0.026458804842154536
0.02645879302144891
0.026458781441366694
0.02645877009343914
0.02645875896958627
0.026458748062094157
0.026458737363593603
0.026458726867040528
0.026458716565697562
0.0264587064531167
0.026458696523123527
0.02645868676980203
0.02645867718748062
0.026458667770719223
0.026458658514296664
0.026458649413199326
0.026458640462610348
0.026458631657899422
0.026458622994613212
0.02645861446846646
0.02645860607533357
0.026458597811240443
0.026458589672357303
0.026458581654991403
0.026458573755580365
0.026458565970685903
0.026458558296988007
0.02645855073127906
0.026458543270458705
0.026458535911528698
0.02645852865158817
0.026458521487829068
0.026458514417531824
0.026458507438061253
0.02645850054686281
0.026458493741458696
0.026458487019444393
0.026458480378485437
0.02645847381631405
0.02645846733072614
0.026458460919578458
0.02645845458078571
0.026458448312318042
0.02645844211219825
0.026458435978499593
0.026458429909343308
0.026458423902896402
0.02645841795736947
0.026458412071014625
0.02645840624212355
0.0264584004690254
0.026458394750085195
0.026458389083701715
0.02645838346830606
0.02645837790235978
0.026458372384353248
0.026458366912804107
0.026458361486255688
0.02645835610327559
0.02645835076245401
0.026458345462402555
0.026458340201752546
0.026458334979153873
0.026458329793273495
0.026458324642794125
0.02645831952641288
0.02645831444283998
0.026458309390797505
0.02645830436901791
0.026458299376242948
0.02645829441122225
0.02645828947271204
0.02645828455947389
0.026458279670273314
0.02645827480387855
0.026458269959059158
0.026458265134584734
0.026458260329223496
0.026458255541740885
0.026458250770897997
0.026458246015450566
0.026458241274146914
0.026458236545726658
0.02645823182891931
0.026458227122442377
0.026458222424999615
0.026458217735279586
0.026458213051953543
0.026458208373673697
0.026458203699071037
0.026458199026753584
0.026458194355303815
0.02645818968327671
0.026458185009197242
0.026458180331557734
0.026458175648815457
0.026458170959389564
0.026458166261658353
0.026458161553955892
0.02645815683456888
0.02645815210173305
0.026458147353629318
0.02645814258837983
0.026458137804043783
0.026458132998612608
0.026458128170005313
0.026458123316063092
0.026458118434543983
0.026458113523116354
0.026458108579352935
0.026458103600723506
0.02645809858458753
0.02645809352818608
0.026458088428632967
0.02645808328290543
0.02645807808783366
0.026458072840089955
0.02645806753617635
0.02645806217241178
0.026458056744917576
0.026458051249601874
0.026458045682142838
0.026458040037969654
0.026458034312242588
0.026458028499830376
0.026458022595285655
0.026458016592818063
0.026458010486264612
0.02645800426905655
0.026457997934183325
0.02645799147415226
0.026457984880943943
0.026457978145962745
0.026457971259981405
0.026457964213079565
0.026457956994574795
0.026457949592945226
0.026457941995742886
0.026457934189495914
0.026457926159598397
0.026457917890185433
0.026457909363991727
0.026457900562190478
0.02645789146420992
0.02645788204752299
0.026457872287406394
0.026457862156662904
0.026457851625300583
0.02645784066016125
0.02645782922448754
0.02645781727741751
0.026457804773391807
0.026457791661455125
0.02645777788442915
0.02645776337792954
0.026457748069190067
0.026457731875649836
0.026457714703244938
0.026457696444330762
0.026457676975137664
0.02645765615263419
0.026457633810629953
0.02645760975489529
0.026457583756995688
0.0264575555464302
0.02645752480050374
0.02645749113113692
0.02645745406747834
0.026457413032681395
0.026457367312434
0.026457316011627492
0.026457257993626925
0.026457191793455744
0.02645711549090067
0.026457026520305665
0.02645692137716402
0.026456795150292776
0.026456640746619006
0.026456447546913363
0.02645619894446213
0.02645586752932917
0.026455404852913998
0.026454717231844803
0.02645359981399417
0.026451516978279063
0.026446606571314885
0.026427849877249682
0.026168061632534916
0.02640184453449676
0.025915395211252194
0.025586112250462256
0.025521873093656163
0.02550243547289466
0.02550160268627046
0.025501026831961808
0.025500588491108485
0.025500236641342416
0.025499944402980736
0.02549969577036603
0.025499480402599754
0.02549929121677063
0.02549912314382455
0.025498972429781594
0.025498836217306003
0.025498712282073482
0.02549859885965146
0.02549849452785254
0.025498398124445022
0.025498308688159613
0.02549822541548894
0.025498147628459665
0.025498074750193774
0.025498006286106222
0.02549794180925013
0.02549788094875965
0.025497823380640012
0.025497768820355766
0.025497717016814445
0.025497667747442443
0.0254976208141255
0.025497576039837804
0.025497533265825913
0.025497492349241434
0.025497453161140226
0.02549741558478242
0.025497379514180643
0.025497344852855378
0.02549731151276233
0.02549727941336469
0.025497248480827912
0.02549721864731731
0.025497189850384624
0.02549716203242936
0.0254971351402246
0.02549710912449877
0.025497083939565176
0.025497059542993347
0.025497035895316218
0.025497012959769277
0.025496990702057278
0.025496969090144792
0.02549694809406835
0.025496927685767452
0.025496907838931902
0.025496888528864073
0.025496869732353954
0.025496851427566046
0.025496833593936688
0.02549681621208019
0.0254967992637038
0.025496782731529694
0.025496766599223904
0.02549675085133097
0.025496735473214443
0.025496720451001677
0.025496705771533765
0.025496691422318835
0.025496677391489312
0.02549666366776262
0.025496650240404383
0.025496637099194943
0.02549662423439817
0.025496611636732128
0.02549659929734274
0.02549658720777843
0.0254965753599671
0.025496563746194644
0.025496552359084577
0.02549654119157952
0.025496530236923765
0.025496519488646646
0.02549650894054753
0.025496498586681578
0.02549648842134608
0.025496478439068288
0.025496468634593483
0.025496459002873933
0.025496449539058642
0.02549644023848357
0.025496431096662536
0.025496422109278577
0.025496413272175895
0.025496404581352158
0.025496396032951372
0.02549638762325701
0.025496379348685788
0.02549637120578138
0.02549636319120879
0.02549635530174909
0.025496347534294056
0.02549633988584146
0.025496332353490598
0.02549632493443761
0.02549631762597169
0.02549631042547108
0.025496303330399196
0.025496296338301312
0.025496289446801105
0.025496282653597598
0.025496275956461926
0.025496269353234517
0.025496262841822596
0.025496256420197195
0.02549625008639099
0.025496243838495688
0.025496237674659996
0.025496231593087244
0.02549622559203343
0.02549621966980546
0.02549621382475875
0.025496208055296073
0.02549620235986537
0.025496196736958354
0.025496191185108832
0.02549618570289125
0.025496180288919357
0.025496174941844685
0.025496169660355287
0.025496164443174475
0.025496159289059687
0.025496154196801207
0.02549614916522126
0.025496144193172567
0.02549613927953786
0.025496134423228373
0.02549612962318333
0.025496124878368737
0.02549612018777668
0.02549611555042448
0.02549611096535386
0.025496106431630035
0.02549610194834133
0.025496097514598127
0.0254960931295323
0.02549608879229663
0.025496084502063976
0.02549608025802687
0.02549607605939693
0.025496071905403983
0.025496067795295882
0.025496063728337945
0.02549605970381209
0.025496055721016708
0.02549605177926617
0.025496047877890126
0.02549604401623318
0.025496040193654746
0.025496036409528126
0.02549603266324051
0.02549602895419243
0.025496025281797376
0.025496021645481523
0.025496018044683325
0.025496014478853222
0.025496010947453247
0.025496007449956833
0.025496003985848344
0.025496000554622856
0.02549599715578607
0.02549599378885358
0.02549599045335119
0.0254959871488141
0.025495983874787038
0.02549598063082388
0.025495977416487337
0.025495974231348938
0.025495971074988605
0.025495967946994626
0.02549596484696323
0.025495961774498525
0.025495958729212315
0.025495955710723894
0.025495952718659766
0.02549594975265373
0.02549594681234635
0.025495943897385007
0.02549594100742372
0.025495938142122965
0.025495935301149523
0.025495932484176306
0.025495929690882293
0.025495926920952303
0.025495924174076794
0.02549592144995201
0.025495918748279507
0.025495916068766316
0.02549591341112462
0.025495910775071663
0.025495908160329834
0.02549590556662627
0.02549590299369291
0.025495900441266362
0.025495897909087864
0.025495895396903064
0.02549589290446195
0.02549589043151879
0.0254958879778321
0.025495885543164357
0.0254958831272822
0.025495880729956004
0.02549587835096013
0.02549587599007262
0.025495873647075194
0.0254958713217531
0.02549586901389528
0.02549586672329395
0.025495864449744755
0.025495862193046722
0.025495859953002
0.025495857729415906
0.02549585552209701
0.025495853330856806
0.025495851155509813
0.025495848995873406
0.02549584685176794
0.02549584472301643
0.025495842609444822
0.025495840510881596
0.02549583842715797
0.025495836358107715
0.02549583430356718
0.0254958322633752
0.02549583023737301
0.02549582822540429
0.0254958262273151
0.025495824242953668
0.02549582227217064
0.02549582031481885
0.025495818370753254
0.025495816439830985
0.02549581452191125
0.025495812616855382
0.025495810724526634
0.02549580884479031
0.02549580697751362
0.025495805122565798
0.025495803279817725
0.02549580144914242
0.025495799630414432
0.025495797823510292
0.02549579602830816
0.025495794244687935
0.02549579247253125
0.025495790711721332
0.02549578896214302
0.025495787223682786
0.025495785496228687
0.025495783779670298
0.025495782073898673
0.025495780378806374
0.02549577869428748
0.02549577702023742
0.025495775356553067
0.02549577370313269
0.02549577205987593
0.025495770426683755
0.025495768803458437
0.025495767190103574
0.025495765586523986
0.025495763992625813
0.025495762408316382
0.025495760833504272
0.025495759268099143
0.025495757712012023
0.02549575616515481
0.02549575462744092
0.025495753098784473
0.025495751579100983
0.025495750068306844
0.025495748566319684
0.025495747073058097
0.02549574558844166
0.02549574411239105
0.0254957426448278
0.025495741185674648
0.025495739734855027
0.02549573829229358
0.025495736857915657
0.025495735431647654
0.02549573401341687
0.025495732603151446
0.025495731200780438
0.025495729806233703
0.025495728419442084
0.025495727040337066
0.02549572566885116
0.02549572430491757
0.025495722948470273
0.025495721599444122
0.0254957202577747
0.025495718923398313
0.025495717596252153
0.02549571627627398
0.025495714963402392
0.025495713657576687
0.025495712358736915
0.025495711066823683
0.02549570978177846
0.025495708503543223
0.02549570723206075
0.025495705967274417
0.025495704709128274
0.025495703457566996
0.025495702212535897
0.025495700973980857
0.02549569974184845
0.025495698516085793
0.02549569729664061
0.025495696083461285
0.025495694876496642
0.02549569367569619
0.025495692481009923
0.025495691292388427
0.0254956901097829
0.025495688933144852
0.025495687762426618
0.025495686597580836
0.025495685438560768
0.025495684285320192
0.02549568313781325
0.025495681995994748
0.025495680859819934
0.02549567972924447
0.02549567860422453
0.025495677484716817
0.0254956763706784
0.025495675262066843
0.025495674158840197
0.025495673060956892
0.02549567196837582
0.02549567088105639
0.02549566979895823
0.025495668722041634
0.02549566765026709
0.0254956665835957
0.025495665521988824
0.025495664465408234
0.025495663413816174
0.0254956623671752
0.025495661325448293
0.025495660288598784
0.025495659256590475
0.025495658229387343
0.025495657206953903
0.025495656189254933
0.02549565517625563
0.025495654167921485
0.025495653164218385
0.02549565216511254
0.025495651170570448
0.02549565018055904
0.025495649195045468
0.025495648213997288
0.025495647237382346
0.025495646265168766
0.02549564529732508
0.025495644333820015
0.02549564337462266
0.025495642419702452
0.025495641469029093
0.025495640522572496
0.025495639580302924
0.025495638642191006
0.025495637708207543
0.025495636778323626
0.025495635852510714
0.02549563493074039
0.025495634012984672
0.025495633099215726
0.025495632189405985
0.02549563128352821
0.025495630381555397
0.025495629483460788
0.025495628589217795
0.025495627698800198
0.02549562681218201
0.02549562592933739
0.025495625050240816
0.02549562417486703
0.0254956233031909
0.025495622435187586
0.02549562157083254
0.025495620710101325
0.025495619852969744
0.02549561899941395
0.025495618149410093
0.025495617302934783
0.025495616459964614
0.025495615620476562
0.025495614784447746
0.025495613951855473
0.025495613122677223
0.025495612296890843
0.025495611474474177
0.025495610655405353
0.02549560983966268
0.025495609027224676
0.02549560821807006
0.025495607412177677
0.025495606609526673
0.025495605810096203
0.025495605013865764
0.025495604220815
0.025495603430923622
0.0254956026441717
0.025495601860539254
0.025495601080006664
0.02549560030255443
0.0254955995281632
0.025495598756813752
0.025495597988487113
0.025495597223164405
0.025495596460826924
0.025495595701456153
0.025495594945033697
0.025495594191541352
0.025495593440960997
0.025495592693274782
0.025495591948464895
0.025495591206513752
0.025495590467403864
0.025495589731117922
0.0254955889976387
0.025495588266949223
0.02549558753903251
0.025495586813871922
0.025495586091450737
0.025495585371752547
0.02549558465476091
0.025495583940459754
0.02549558322883288
0.025495582519864415
0.025495581813538518
0.025495581109839467
0.025495580408751745
0.025495579710259883
0.025495579014348596
0.025495578321002677
0.025495577630207093
0.025495576941946835
0.025495576256207124
0.025495575572973304
0.02549557489223068
0.025495574213964853
0.02549557353816143
0.02549557286480616
0.025495572193884958
0.025495571525383728
0.02549557085928863
0.025495570195585848
0.025495569534261676
0.025495568875302528
0.02549556821869491
0.02549556756442547
0.02549556691248094
0.02549556626284814
0.02549556561551399
0.025495564970465553
0.025495564327689985
0.025495563687174424
0.02549556304890629
0.02549556241287296
0.025495561779062016
0.025495561147461026
0.02549556051805773
0.025495559890839934
0.025495559265795515
0.02549555864291248
0.025495558022178937
0.02549555740358299
0.02549555678711298
0.025495556172757207
0.025495555560504136
0.025495554950342263
0.02549555434226017
0.025495553736246592
0.025495553132290353
0.025495552530380175
0.025495551930505126
0.025495551332654166
0.025495550736816464
0.02549555014298112
0.025495549551137427
0.025495548961274758
0.025495548373382543
0.025495547787450192
0.02549554720346741
0.025495546621423722
0.025495546041308912
0.025495545463112793
0.025495544886825244
0.02549554431243614
0.025495543739935553
0.025495543169313597
0.02549554260056037
0.025495542033666163
0.025495541468621267
0.025495540905416017
0.025495540344040876
0.02549553978448633
0.025495539226742997
0.025495538670801496
0.025495538116652512
0.025495537564286852
0.025495537013695332
0.02549553646486884
0.02549553591779839
0.025495535372474964
0.025495534828889655
0.025495534287033668
0.025495533746898173
0.025495533208474454
0.025495532671753852
0.02549553213672775
0.02549553160338758
0.02549553107172492
0.025495530541731294
0.025495530013398365
0.025495529486717804
0.02549552896168134
0.025495528438280814
0.025495527916508057
0.025495527396354963
0.02549552687781355
0.02549552636087576
0.025495525845533783
0.025495525331779612
0.025495524819605517
0.025495524309003717
0.025495523799966526
0.025495523292486225
0.02549552278655522
0.025495522282166012
0.025495521779311005
0.02549552127798277
0.025495520778173904
0.02549552027987707
0.0254955197830849
0.025495519287790185
0.025495518793985705
0.025495518301664223
0.02549551781081871
0.025495517321442045
0.025495516833527212
0.0254955163470672
0.025495515862055108
0.02549551537848403
0.025495514896347157
0.025495514415637598
0.02549551393634864
0.025495513458473604
0.025495512982005773
0.02549551250693857
0.025495512033265343
0.025495511560979588
0.025495511090074828
0.02549551062054454
0.025495510152382342
0.02549550968558185
0.02549550922013677
0.025495508756040737
0.025495508293287533
0.0254955078318709
0.025495507371784694
0.0254955069130228
0.02549550645557907
0.025495505999447464
0.025495505544622
0.025495505091096635
0.0254955046388654
0.025495504187922447
0.025495503738261892
0.02549550328987785
0.02549550284276459
0.025495502396916263
0.02549550195232721
0.025495501508991717
0.02549550106690412
